layer=0
speed=1.000000
gray=0
alpha=255

layer=1
speed=1.000000
gray=0
alpha=128

layer=2
speed=1.000000
gray=0
alpha=128

layer=3
speed=1.000000
gray=0
alpha=128

